191.00 -49.00 -40.00 -77.00 -57.00 -29.00 8.00 -211.00 93.00 -54.00 -1.00 14.00 -47.00 -13.00 -22.00 -7.00 1.00 11.00 36.00 -124.00 0.00 0.00 0.00 0.00 0.00 0.00 0.00 0.00 0.00 0.00 0.00 0.00 0.00 0.00 0.00 0.00 0.00 0.00 0.00 0.00 
191.00 -49.00 -40.00 -77.00 -57.00 -29.00 8.00 -211.00 93.00 -54.00 -1.00 14.00 -47.00 -13.00 -22.00 -7.00 1.00 11.00 36.00 -124.00 0.00 0.00 0.00 0.00 0.00 0.00 0.00 0.00 0.00 0.00 0.00 0.00 0.00 0.00 0.00 0.00 0.00 0.00 0.00 0.00 
191.00 -49.00 -40.00 -77.00 -57.00 -29.00 8.00 -211.00 93.00 -54.00 -1.00 14.00 -47.00 -13.00 -22.00 -7.00 1.00 11.00 36.00 -124.00 0.00 0.00 0.00 0.00 0.00 0.00 0.00 0.00 0.00 0.00 0.00 0.00 0.00 0.00 0.00 0.00 0.00 0.00 0.00 0.00 
191.00 -49.00 -40.00 -77.00 -57.00 -29.00 8.00 -211.00 93.00 -54.00 -1.00 14.00 -47.00 -13.00 -22.00 -7.00 1.00 11.00 36.00 -124.00 0.00 0.00 0.00 0.00 0.00 0.00 0.00 0.00 0.00 0.00 0.00 0.00 0.00 0.00 0.00 0.00 0.00 0.00 0.00 0.00 
191.00 -49.00 -40.00 -77.00 -57.00 -29.00 8.00 -211.00 93.00 -54.00 -1.00 14.00 -47.00 -13.00 -22.00 -7.00 1.00 11.00 36.00 -124.00 0.00 0.00 0.00 0.00 0.00 0.00 0.00 0.00 0.00 0.00 0.00 0.00 0.00 0.00 0.00 0.00 0.00 0.00 0.00 0.00 
191.00 -49.00 -40.00 -77.00 -57.00 -29.00 8.00 -211.00 93.00 -54.00 -1.00 14.00 -47.00 -13.00 -22.00 -7.00 1.00 11.00 36.00 -124.00 0.00 0.00 0.00 0.00 0.00 0.00 0.00 0.00 0.00 0.00 0.00 0.00 0.00 0.00 0.00 0.00 0.00 0.00 0.00 0.00 
191.00 -49.00 -40.00 -77.00 -57.00 -29.00 8.00 -211.00 93.00 -54.00 -1.00 14.00 -47.00 -13.00 -22.00 -7.00 1.00 11.00 36.00 -124.00 0.00 0.00 0.00 0.00 0.00 0.00 0.00 0.00 0.00 0.00 0.00 0.00 0.00 0.00 0.00 0.00 0.00 0.00 0.00 0.00 
191.00 -49.00 -40.00 -77.00 -57.00 -29.00 8.00 -211.00 93.00 -54.00 -1.00 14.00 -47.00 -13.00 -22.00 -7.00 1.00 11.00 36.00 -124.00 0.00 0.00 0.00 0.00 0.00 0.00 0.00 0.00 0.00 0.00 0.00 0.00 0.00 0.00 0.00 0.00 0.00 0.00 0.00 0.00 
191.00 -49.00 -40.00 -77.00 -57.00 -29.00 8.00 -211.00 93.00 -54.00 -1.00 14.00 -47.00 -13.00 -22.00 -7.00 1.00 11.00 36.00 -124.00 0.00 0.00 0.00 0.00 0.00 0.00 0.00 0.00 0.00 0.00 0.00 0.00 0.00 0.00 0.00 0.00 0.00 0.00 0.00 0.00 
191.00 -49.00 -40.00 -77.00 -57.00 -29.00 8.00 -211.00 93.00 -54.00 -1.00 14.00 -47.00 -13.00 -22.00 -7.00 1.00 11.00 36.00 -124.00 0.00 0.00 0.00 0.00 0.00 0.00 0.00 0.00 0.00 0.00 0.00 0.00 0.00 0.00 0.00 0.00 0.00 0.00 0.00 0.00 
191.00 -49.00 -40.00 -77.00 -57.00 -29.00 8.00 -211.00 93.00 -54.00 -1.00 14.00 -47.00 -13.00 -22.00 -7.00 1.00 11.00 36.00 -124.00 0.00 0.00 0.00 0.00 0.00 0.00 0.00 0.00 0.00 0.00 0.00 0.00 0.00 0.00 0.00 0.00 0.00 0.00 0.00 0.00 
191.00 -49.00 -40.00 -77.00 -57.00 -29.00 8.00 -211.00 93.00 -54.00 -1.00 14.00 -47.00 -13.00 -22.00 -7.00 1.00 11.00 36.00 -124.00 0.00 0.00 0.00 0.00 0.00 0.00 0.00 0.00 0.00 0.00 0.00 0.00 0.00 0.00 0.00 0.00 0.00 0.00 0.00 0.00 
191.00 -49.00 -40.00 -77.00 -57.00 -29.00 8.00 -211.00 93.00 -54.00 -1.00 14.00 -47.00 -13.00 -22.00 -7.00 1.00 11.00 36.00 -124.00 0.00 0.00 0.00 0.00 0.00 0.00 0.00 0.00 0.00 0.00 0.00 0.00 0.00 0.00 0.00 0.00 0.00 0.00 0.00 0.00 
191.00 -49.00 -40.00 -77.00 -57.00 -29.00 8.00 -211.00 93.00 -54.00 -1.00 14.00 -47.00 -13.00 -22.00 -7.00 1.00 11.00 36.00 -124.00 0.00 0.00 0.00 0.00 0.00 0.00 0.00 0.00 0.00 0.00 0.00 0.00 0.00 0.00 0.00 0.00 0.00 0.00 0.00 0.00 
